MAT H IS:
 1.000000e+00  1.094118e+01  6.185671e+00  8.267828e+00 -3.000000e+00 
 1.700000e+01  1.464706e+01  2.487305e+01  2.577971e+01 -5.000000e+00 
 0.000000e+00 -1.926990e+01  3.500961e+01  5.839105e+00  1.717647e+01 
 0.000000e+00  0.000000e+00 -6.137333e+01 -4.555436e+01  6.186748e+00 
 0.000000e+00  0.000000e+00  0.000000e+00 -2.285263e+01  2.589769e+01 

-6.617160e-01 +J  0.000000e+00
 4.296101e+01 +J  0.000000e+00
-1.533964e+01 +J -6.755658e+00
-1.533964e+01 +J  6.755658e+00
 1.937998e+01 +J  0.000000e+00

