
102  105  106  108  109  111  113  114  115  117  
122  123  124  125  126  129  131  133  134  135  
140  144  145  146  152  154  156  158  159  160  
163  166  168  169  171  172  175  176  179  182  
183  184  185  186  188  189  190  192  194  197  
199  200  204  205  207  208  209  211  213  214  
216  218  219  220  221  222  223  224  225  226  
227  231  232  240  244  246  247  248  249  255  
256  258  260  265  266  267  270  271  275  276  
277  278  283  285  289  290  292  293  295  298  

m=15
i=34
p(34)=171
p(35)=172
p(36)=175
p(37)=176
p(38)=179
p(39)=182
p(40)=183
p(41)=184
p(42)=185
p(43)=186
p(44)=188
p(45)=189
p(46)=190
p(47)=192
p(48)=194

